=== Per-rank contact point ownership (points) ===
rank Itile Jtile | recv_g1 recv_g2 don_g1 don_g2 | h4(G2) h2(G2) pg(G1) step2d(G2)
   0     0     0 |       0    6176       0     102 |   7.166   9.026   3.077  16.640
   1     1     0 |       0    2784       0     108 |  10.432   7.631   2.670  16.298
   2     2     0 |       0    2880       0     108 |  10.480   7.489   2.369  16.249
   3     3     0 |       0    2784       0     108 |   9.778   7.416   2.293  16.197
   4     4     0 |       0    2784       0      96 |  10.235   7.238   2.204  16.191
   5     5     0 |       0    2880       0     108 |  10.545   7.521   2.396  16.226
   6     6     0 |       0    2784       0     108 |  10.108   7.905   2.661  16.343
   7     7     0 |       0    5280       0     102 |   9.616   8.862   3.290  16.472
   8     0     1 |       0    2976       0     102 |   8.718   7.882   2.602  16.352
   9     1     1 |       0       0       0     108 |  12.044  10.369   2.217  15.896
  10     2     1 |       0       0       0     108 |  12.260   9.870   1.955  15.844
  11     3     1 |       0       0       0     108 |  12.200   9.785   1.872  15.804
  12     4     1 |       0       0       0      96 |  12.420   9.513   1.781  15.798
  13     5     1 |       0       0       0     108 |  12.005   9.669   1.794  15.794
  14     6     1 |       0       0       0     108 |  12.141  10.480   2.272  15.932
  15     7     1 |       0    2232       0     102 |  11.481   7.681   2.805  16.005
  16     0     2 |       0    2880       0     102 |   9.453   8.225   2.466  16.339
  17     1     2 |       0       0       0     108 |  12.744  10.142   2.002  15.865
  18     2     2 |       0       0       0     108 |  12.949   8.400   1.641  15.694
  19     3     2 |       0       0       0     108 |  12.261   8.169   1.553  15.638
  20     4     2 |       0       0       0      96 |  12.885   8.478   1.591  15.680
  21     5     2 |       0       0       0     108 |  12.887   8.678   1.631  15.674
  22     6     2 |       0       0       0     108 |  12.107   9.710   2.022  15.796
  23     7     2 |       0    2160       0     102 |  11.592   7.588   2.545  15.897
  24     0     3 |       0    2976       0     113 |   8.613   7.941   2.253  16.232
  25     1     3 |       0       0       0     120 |  12.155   9.868   1.794  15.793
  26     2     3 |       0       0       0     120 |  12.461   8.429   1.378  15.647
  27     3     3 |       0       0       0     120 |  11.888   8.310   1.295  15.578
  28     4     3 |       0       0       0     107 |  12.428   8.474   1.307  15.605
  29     5     3 |       0       0       0     120 |  12.770   8.585   1.313  15.586
  30     6     3 |       0       0       0     120 |  12.278   9.498   1.792  15.698
  31     7     3 |       0    2232       0     113 |  11.762   7.237   2.382  15.781
  32     0     4 |       0    2976       0     102 |   9.162   8.080   2.267  16.229
  33     1     4 |       0       0       0     108 |  12.715   9.827   1.763  15.761
  34     2     4 |       0       0       0     108 |  12.940   9.335   1.375  15.621
  35     3     4 |       0       0     339     108 |  12.436   5.921   1.371  15.552
  36     4     4 |   34232       0    4353      96 |  12.890   5.479   1.063  15.533
  37     5     4 |    2352       0    1694     108 |  12.789   5.597   1.134  15.531
  38     6     4 |       0       0       0     108 |  12.187   9.308   1.715  15.665
  39     7     4 |       0    2232       0     102 |  11.850   7.182   2.291  15.752
  40     0     5 |       0    2880       0     102 |   8.890   7.894   2.134  16.198
  41     1     5 |       0       0       0     108 |  12.698   9.852   1.707  15.755
  42     2     5 |       0       0       0     108 |  13.107   9.314   1.248  15.615
  43     3     5 |       0       0     164     108 |  12.569   5.858   1.209  15.535
  44     4     5 |   16768       0    2805      96 |  12.866   5.573   0.984  15.527
  45     5     5 |    1152       0     858     108 |  13.235   5.737   1.166  15.542
  46     6     5 |       0       0       0     108 |  12.365   9.339   1.682  15.658
  47     7     5 |       0    2160       0     102 |  12.151   7.187   2.323  15.748
  48     0     6 |       0    2976       0     102 |   9.075   8.046   2.372  16.239
  49     1     6 |       0       0       0     108 |  12.066   9.964   1.858  15.770
  50     2     6 |       0       0       0     108 |  12.244   9.629   1.551  15.692
  51     3     6 |       0       0       0     108 |  11.990   9.475   1.503  15.636
  52     4     6 |       0       0       0      96 |  12.294   9.162   1.323  15.618
  53     5     6 |       0       0       0     108 |  12.278   9.342   1.367  15.636
  54     6     6 |       0       0       0     108 |  12.311  10.021   1.904  15.718
  55     7     6 |       0    2232       0     102 |  11.687   7.529   2.550  15.811
  56     0     7 |       0    5304       0     102 |   8.039   8.606   2.517  16.356
  57     1     7 |       0    2088       0     108 |  10.930   7.205   2.112  15.845
  58     2     7 |       0    2160       0     108 |  11.093   7.199   1.851  15.761
  59     3     7 |       0    2088       0     108 |  10.641   7.064   1.782  15.700
  60     4     7 |       0    2088       0      96 |  10.978   6.875   1.726  15.668
  61     5     7 |       0    2160       0     108 |  11.253   6.803   1.730  15.689
  62     6     7 |       0    2088       0     108 |  10.661   7.168   2.203  15.781
  63     7     7 |       0    4464       0     102 |  10.603   8.304   2.988  15.910

=== Correlations (N=64 ranks) ===
  recv_g1 (feedback interp)    vs h4_wait_G2 (low=late)   Pearson=+0.1805  Spearman=+0.1886
  recv_g1 (feedback interp)    vs h2_wait_G2 (low=late)   Pearson=-0.3870  Spearman=-0.0486
  recv_g1 (feedback interp)    vs pg_wait_G1 (low=late)   Pearson=-0.3085  Spearman=-0.0888
  recv_g1 (feedback interp)    vs step2d_cpu_G2           Pearson=-0.2118  Spearman=-0.0423
  recv_g2 (supply interp)      vs h4_wait_G2 (low=late)   Pearson=-0.8935  Spearman=-0.8286
  recv_g2 (supply interp)      vs h2_wait_G2 (low=late)   Pearson=-0.2638  Spearman=-0.3293
  recv_g2 (supply interp)      vs pg_wait_G1 (low=late)   Pearson=+0.8209  Spearman=+0.7869
  recv_g2 (supply interp)      vs step2d_cpu_G2           Pearson=+0.8239  Spearman=+0.7628
  don_g1 (supply source)       vs h4_wait_G2 (low=late)   Pearson=+0.2347  Spearman=+0.2197
  don_g1 (supply source)       vs h2_wait_G2 (low=late)   Pearson=-0.4979  Spearman=-0.2670
  don_g1 (supply source)       vs pg_wait_G1 (low=late)   Pearson=-0.3903  Spearman=-0.1483
  don_g1 (supply source)       vs step2d_cpu_G2           Pearson=-0.2764  Spearman=-0.1164
  don_g2 (feedback source)     vs h4_wait_G2 (low=late)   Pearson=+0.2228  Spearman=+0.2859
  don_g2 (feedback source)     vs h2_wait_G2 (low=late)   Pearson=+0.2578  Spearman=+0.3676
  don_g2 (feedback source)     vs pg_wait_G1 (low=late)   Pearson=-0.2110  Spearman=-0.2199
  don_g2 (feedback source)     vs step2d_cpu_G2           Pearson=-0.2194  Spearman=-0.1869

=== Top-8 overlap (contact-heavy ranks vs straggler/late ranks) ===
  recv_g1 (feedback interp)    top8 ∩ late8 h4(G2)   =  1  [0]
  recv_g1 (feedback interp)    top8 ∩ late8 h2(G2)   =  4  [36, 37, 44, 45]
  recv_g1 (feedback interp)    top8 ∩ late8 pg(G1)   =  4  [36, 37, 44, 45]
  recv_g1 (feedback interp)    top8 ∩ top8 step2d    =  3  [0, 1, 2]
  recv_g2 (supply interp)      top8 ∩ late8 h4(G2)   =  6  [0, 8, 24, 32, 48, 56]
  recv_g2 (supply interp)      top8 ∩ late8 h2(G2)   =  0  []
  recv_g2 (supply interp)      top8 ∩ late8 pg(G1)   =  0  []
  recv_g2 (supply interp)      top8 ∩ top8 step2d    =  4  [0, 7, 8, 56]
  don_g1 (supply source)       top8 ∩ late8 h4(G2)   =  1  [0]
  don_g1 (supply source)       top8 ∩ late8 h2(G2)   =  6  [35, 36, 37, 43, 44, 45]
  don_g1 (supply source)       top8 ∩ late8 pg(G1)   =  5  [36, 37, 43, 44, 45]
  don_g1 (supply source)       top8 ∩ top8 step2d    =  2  [0, 1]
  don_g2 (feedback source)     top8 ∩ late8 h4(G2)   =  1  [24]
  don_g2 (feedback source)     top8 ∩ late8 h2(G2)   =  0  []
  don_g2 (feedback source)     top8 ∩ late8 pg(G1)   =  1  [27]
  don_g2 (feedback source)     top8 ∩ top8 step2d    =  1  [1]

=== Late-rank identity lists ===
late8 h4(G2): [0, 8, 16, 24, 32, 40, 48, 56]
late8 h2(G2): [35, 36, 37, 43, 44, 45, 60, 61]
late8 pg(G1): [27, 28, 36, 37, 42, 43, 44, 45]
top8 step2d(G2): [0, 7, 56, 8, 6, 16, 1, 2]

=== Stage 127 replication (S32 skew P3) ===
  Pearson(step2d_G2, h4_wait_G2) = -0.8834  (Stage 127 reported -0.883 on O33)
  Pearson(step2d_G2, h2_wait_G2) = +0.0738

=== Spatial table: per-tile sums ===
row=Jtile, col=Itile;  A=recv2 (fine supply interp), B=step2d_cpu_G2 mean/tile
recv2:
   6176  2784  2880  2784  2784  2880  2784  5280
   2976     0     0     0     0     0     0  2232
   2880     0     0     0     0     0     0  2160
   2976     0     0     0     0     0     0  2232
   2976     0     0     0     0     0     0  2232
   2880     0     0     0     0     0     0  2160
   2976     0     0     0     0     0     0  2232
   5304  2088  2160  2088  2088  2160  2088  4464
step2d_cpu/tile:
   16.64  16.30  16.25  16.20  16.19  16.23  16.34  16.47
   16.35  15.90  15.84  15.80  15.80  15.79  15.93  16.00
   16.34  15.87  15.69  15.64  15.68  15.67  15.80  15.90
   16.23  15.79  15.65  15.58  15.61  15.59  15.70  15.78
   16.23  15.76  15.62  15.55  15.53  15.53  15.66  15.75
   16.20  15.76  15.61  15.53  15.53  15.54  15.66  15.75
   16.24  15.77  15.69  15.64  15.62  15.64  15.72  15.81
   16.36  15.85  15.76  15.70  15.67  15.69  15.78  15.91
don1 (coarse supply source):
      0     0     0     0     0     0     0     0
      0     0     0     0     0     0     0     0
      0     0     0     0     0     0     0     0
      0     0     0     0     0     0     0     0
      0     0     0   339  4353  1694     0     0
      0     0     0   164  2805   858     0     0
      0     0     0     0     0     0     0     0
      0     0     0     0     0     0     0     0
recv1 (coarse feedback interp):
      0     0     0     0     0     0     0     0
      0     0     0     0     0     0     0     0
      0     0     0     0     0     0     0     0
      0     0     0     0     0     0     0     0
      0     0     0     0 34232  2352     0     0
      0     0     0     0 16768  1152     0     0
      0     0     0     0     0     0     0     0
      0     0     0     0     0     0     0     0

P0_CORR_DONE
