         0 0001-01-01 00:00:00.00  1.013913E-02  1.677015E+04  1.677016E+04  1.201877E+16  01
         0 0001-01-01 00:00:00.00  1.705667E-03  1.805652E+04  1.805653E+04  6.315183E+14  02
        45 0001-01-01 00:15:00.00  1.719658E-03  1.805658E+04  1.805658E+04  6.315204E+14  02
        15 0001-01-01 00:25:00.00  1.020194E-02  1.683796E+04  1.683797E+04  1.197028E+16  01
        90 0001-01-01 00:30:00.00  1.727170E-03  1.805663E+04  1.805664E+04  6.315223E+14  02
       135 0001-01-01 00:45:00.00  1.731633E-03  1.805668E+04  1.805668E+04  6.315240E+14  02
        30 0001-01-01 00:50:00.00  1.021767E-02  1.683789E+04  1.683790E+04  1.197028E+16  01
       180 0001-01-01 01:00:00.00  1.733181E-03  1.805672E+04  1.805672E+04  6.315255E+14  02
        45 0001-01-01 01:15:00.00  1.022542E-02  1.683783E+04  1.683784E+04  1.197028E+16  01
       225 0001-01-01 01:15:00.00  1.733052E-03  1.805676E+04  1.805676E+04  6.315268E+14  02
       270 0001-01-01 01:30:00.00  1.731900E-03  1.805679E+04  1.805679E+04  6.315280E+14  02
        60 0001-01-01 01:40:00.00  1.022743E-02  1.683781E+04  1.683782E+04  1.197029E+16  01
       315 0001-01-01 01:45:00.00  1.729154E-03  1.805680E+04  1.805680E+04  6.315286E+14  02
       360 0001-01-01 02:00:00.00  1.719310E-03  1.805677E+04  1.805677E+04  6.315273E+14  02
        75 0001-01-01 02:05:00.00  1.023248E-02  1.683776E+04  1.683777E+04  1.197029E+16  01
       405 0001-01-01 02:15:00.00  1.712971E-03  1.805669E+04  1.805670E+04  6.315245E+14  02
        90 0001-01-01 02:30:00.00  1.023592E-02  1.683767E+04  1.683768E+04  1.197028E+16  01
       450 0001-01-01 02:30:00.00  1.712313E-03  1.805662E+04  1.805662E+04  6.315215E+14  02
       495 0001-01-01 02:45:00.00  1.720412E-03  1.805657E+04  1.805658E+04  6.315196E+14  02
       105 0001-01-01 02:55:00.00  1.023708E-02  1.683758E+04  1.683759E+04  1.197029E+16  01
       540 0001-01-01 03:00:00.00  1.733140E-03  1.805660E+04  1.805660E+04  6.315203E+14  02
       585 0001-01-01 03:15:00.00  1.743040E-03  1.805663E+04  1.805663E+04  6.315216E+14  02
       120 0001-01-01 03:20:00.00  1.023990E-02  1.683751E+04  1.683752E+04  1.197030E+16  01
       630 0001-01-01 03:30:00.00  1.751592E-03  1.805662E+04  1.805662E+04  6.315214E+14  02
       135 0001-01-01 03:45:00.00  1.024105E-02  1.683744E+04  1.683745E+04  1.197030E+16  01
       675 0001-01-01 03:45:00.00  1.759896E-03  1.805659E+04  1.805659E+04  6.315203E+14  02
       720 0001-01-01 04:00:00.00  1.768225E-03  1.805655E+04  1.805655E+04  6.315187E+14  02
